3.162959220000000071e-01
3.116231520000000144e-01
3.084329980000000138e-01
3.051579040000000353e-01
3.047601140000000264e-01
3.151319580000000453e-01
3.118514629999999954e-01
3.087926910000000080e-01
3.142735620000000063e-01
3.144075070000000305e-01
3.042402399999999951e-01
3.153301720000000197e-01
3.149796100000000210e-01
3.153018340000000030e-01
3.160613389999999967e-01
3.066732450000000387e-01
3.161382860000000461e-01
3.183109940000000138e-01
3.136771790000000282e-01
3.121077060000000403e-01
3.087924499999999961e-01
3.069447990000000459e-01
3.081883519999999987e-01
3.086268490000000364e-01
3.140804759999999973e-01
3.170050440000000136e-01
3.097939120000000046e-01
3.091955070000000361e-01
3.084928480000000417e-01
3.064207429999999954e-01
3.140273360000000458e-01
3.092289790000000149e-01
3.070314950000000431e-01
3.067347559999999973e-01
3.093563270000000420e-01
3.113098890000000063e-01
3.127426430000000424e-01
3.107659790000000255e-01
3.038859450000000462e-01
3.119647050000000088e-01
3.095862070000000021e-01
3.094126269999999956e-01
3.071390800000000088e-01
3.154612480000000274e-01
3.123586950000000195e-01
3.074814949999999936e-01
3.164900469999999966e-01
3.129875760000000451e-01
3.113957099999999922e-01
3.116703490000000132e-01
3.081104040000000044e-01
3.061225870000000016e-01
3.156428710000000470e-01
3.153264060000000035e-01
3.094352640000000432e-01
3.120376069999999946e-01
3.163053650000000050e-01
3.130451070000000446e-01
3.129059960000000196e-01
3.126396700000000362e-01
3.117350200000000293e-01
3.097754229999999942e-01
3.106027570000000071e-01
3.140156510000000067e-01
3.131933630000000024e-01
3.162797520000000251e-01
3.150702630000000171e-01
3.084077580000000318e-01
3.115239140000000129e-01
3.093435210000000102e-01
3.178220110000000154e-01
3.130785810000000224e-01
3.103430090000000030e-01
3.151045930000000439e-01
3.083908300000000047e-01
3.086654560000000047e-01
3.095634650000000376e-01
3.089863850000000300e-01
3.093509500000000134e-01
3.158492370000000049e-01
3.082731190000000399e-01
3.082433870000000353e-01
3.174247890000000405e-01
3.190732900000000094e-01
3.092787220000000059e-01
3.098403130000000338e-01
3.142309810000000203e-01
3.192891550000000467e-01
3.107900350000000200e-01
3.137162340000000382e-01
3.157128100000000104e-01
3.150281990000000087e-01
3.205543150000000341e-01
3.161235930000000360e-01
3.126072590000000262e-01
3.151464230000000089e-01
3.171640310000000129e-01
3.109992220000000196e-01
3.200802540000000085e-01
3.134468680000000451e-01
3.283992130000000231e-01
3.214525599999999983e-01
3.216208340000000221e-01
3.209282070000000209e-01
3.242730220000000219e-01
3.248732260000000149e-01
3.216078860000000095e-01
3.258030650000000028e-01
3.203450280000000316e-01
3.225351340000000011e-01
3.410899520000000296e-01
3.371630730000000353e-01
3.333171160000000244e-01
3.354341710000000032e-01
3.408952030000000355e-01
3.341837820000000403e-01
3.391314029999999979e-01
3.340510180000000329e-01
3.415790930000000003e-01
3.367332570000000080e-01
3.853306510000000240e-01
3.782073870000000060e-01
3.806779060000000103e-01
3.776690250000000471e-01
3.808322900000000177e-01
3.887098750000000380e-01
3.864796270000000478e-01
3.875097270000000260e-01
3.875581220000000049e-01
3.842639990000000227e-01
5.295503430000000344e-01
5.372915220000000769e-01
5.163383030000000540e-01
5.158587860000000136e-01
5.146522220000000480e-01
5.220045349999999917e-01
5.303113080000000368e-01
5.315703930000000854e-01
5.141937800000000447e-01
5.371139630000000276e-01
