3.135633300000000012e-02
2.097515700000000122e-02
2.611061400000000074e-02
1.891217200000000140e-02
2.255462900000000312e-02
1.752917200000000258e-02
2.385977600000000268e-02
2.093367700000000123e-02
2.193376699999999985e-02
2.073375000000000218e-02
2.076924700000000110e-02
2.379054300000000080e-02
2.118333200000000263e-02
2.156096500000000138e-02
1.947834799999999950e-02
2.131213300000000047e-02
2.836207900000000184e-02
2.322527000000000272e-02
2.345505000000000159e-02
2.134181100000000220e-02
2.223093400000000081e-02
2.399954900000000196e-02
1.775752400000000022e-02
2.282878400000000127e-02
1.956270200000000126e-02
1.803711300000000045e-02
1.830878600000000050e-02
2.207574900000000215e-02
1.797560900000000003e-02
2.585521800000000273e-02
2.502355399999999994e-02
2.208089000000000232e-02
1.835826200000000019e-02
1.668654200000000212e-02
2.296327600000000121e-02
2.540852500000000125e-02
2.002568600000000087e-02
1.693173700000000226e-02
2.712687000000000084e-02
2.445473900000000311e-02
1.833857500000000279e-02
2.435129000000000113e-02
1.909111100000000089e-02
2.328376799999999983e-02
1.862466200000000016e-02
2.368926300000000207e-02
1.868933300000000242e-02
1.696540100000000148e-02
2.442749500000000046e-02
1.825279299999999980e-02
2.399765800000000157e-02
1.647673499999999930e-02
2.300955300000000203e-02
2.442626999999999993e-02
2.388086600000000059e-02
2.256940200000000230e-02
2.801307000000000103e-02
2.422190000000000107e-02
1.510930300000000101e-02
2.004964000000000052e-02
2.745391700000000129e-02
2.257318300000000014e-02
2.074113800000000271e-02
1.632002500000000189e-02
2.019117100000000081e-02
2.167766600000000168e-02
2.600674400000000178e-02
2.200039400000000298e-02
2.156712600000000243e-02
1.668722900000000134e-02
1.882767200000000016e-02
2.302812499999999998e-02
2.446739399999999995e-02
1.592166600000000098e-02
1.929438300000000175e-02
2.327169600000000144e-02
1.915937300000000038e-02
2.656505100000000272e-02
1.872384800000000127e-02
2.020220000000000002e-02
1.465324800000000066e-02
1.904847800000000063e-02
1.900334799999999977e-02
1.835704900000000028e-02
2.614649700000000118e-02
2.247946500000000056e-02
2.411651400000000209e-02
1.786555600000000119e-02
2.700654200000000144e-02
2.384087100000000306e-02
2.281521000000000243e-02
2.695442800000000250e-02
2.687305900000000122e-02
2.368377100000000277e-02
2.238136700000000270e-02
1.986916099999999977e-02
2.306567300000000181e-02
2.583247500000000058e-02
1.981242500000000156e-02
2.299611699999999995e-02
1.890865900000000127e-02
2.250989700000000093e-02
2.672361400000000317e-02
2.331194200000000216e-02
2.675715600000000069e-02
2.222279300000000110e-02
1.975529999999999994e-02
1.468100300000000150e-02
2.431565100000000063e-02
2.459042400000000309e-02
2.671431000000000153e-02
3.273804300000000139e-02
2.479127100000000014e-02
2.427413900000000013e-02
2.003149400000000038e-02
2.490988500000000314e-02
1.542506700000000064e-02
2.631345900000000085e-02
2.610226900000000086e-02
2.632985200000000081e-02
2.497073900000000221e-02
1.390980700000000146e-02
2.441752300000000001e-02
2.447352900000000081e-02
2.298798200000000055e-02
3.238726100000000052e-02
1.474908600000000153e-02
2.102342100000000047e-02
2.829635400000000273e-02
2.194099900000000269e-02
2.686380300000000207e-02
1.990529600000000288e-02
2.273773700000000092e-02
2.472185500000000091e-02
1.610108600000000056e-02
2.132305700000000290e-02
2.200498600000000068e-02
2.257807700000000195e-02
2.829260900000000328e-02
1.674308500000000130e-02
