4.239019000000000120e-02
3.881754500000000191e-02
3.644997600000000199e-02
3.253909800000000241e-02
3.148100100000000151e-02
4.495184700000000311e-02
3.564142300000000541e-02
3.118613600000000319e-02
3.713022800000000123e-02
3.224595400000000028e-02
4.337599900000000536e-02
4.996612800000000548e-02
4.742701600000000239e-02
4.506635500000000238e-02
5.111258800000000047e-02
4.636844200000000277e-02
4.606437900000000252e-02
4.798322500000000435e-02
5.659876000000000490e-02
5.728295400000000398e-02
6.884414200000001094e-02
6.667327500000000406e-02
6.953061200000000552e-02
5.753704900000000677e-02
7.269687100000001012e-02
6.806584499999999982e-02
7.084429999999999894e-02
6.202206000000000385e-02
7.136945499999999831e-02
7.712827500000001002e-02
1.183618610000000126e-01
1.150092320000000029e-01
1.074110870000000023e-01
1.152992480000000070e-01
1.073994200000000093e-01
1.316792320000000072e-01
1.111700140000000114e-01
1.066331310000000060e-01
1.251729520000000040e-01
1.186043480000000122e-01
1.932716370000000239e-01
1.906653010000000092e-01
2.287536930000000079e-01
2.074666590000000255e-01
2.035950380000000060e-01
1.801807300000000112e-01
2.100032530000000008e-01
2.003076010000000018e-01
2.071017560000000257e-01
1.969991190000000003e-01
3.806204590000000221e-01
3.760944190000000131e-01
3.985491890000000259e-01
3.826504190000000194e-01
3.823420330000000256e-01
3.868574330000000283e-01
3.657688640000000269e-01
3.778027660000000121e-01
3.973949830000000349e-01
3.586591930000000428e-01
7.383015640000000213e-01
7.565188420000000802e-01
6.801241780000000237e-01
7.152006140000000123e-01
7.092992740000000351e-01
7.236578960000000782e-01
7.392101830000000762e-01
7.577600810000000298e-01
7.509106750000000829e-01
7.245471310000000109e-01
1.429073651000000167e+00
1.449410508000000153e+00
1.460693427000000044e+00
1.394571812999999993e+00
1.450893864000000200e+00
1.402821902000000120e+00
1.414812887000000075e+00
1.510218047000000174e+00
1.436112763000000125e+00
1.399198997000000055e+00
2.949750864000000306e+00
2.862669985000000139e+00
2.825696049000000265e+00
2.935001752000000241e+00
2.854779273000000117e+00
2.838646193000000206e+00
2.765439957999999976e+00
2.858676835000000249e+00
2.810291086999999965e+00
2.830236226000000244e+00
5.672590615999999919e+00
5.618344936000000622e+00
5.656590257000000399e+00
5.820496118000000330e+00
5.631445985000000043e+00
5.767280010000000345e+00
5.735321241000000292e+00
5.685124985000000741e+00
5.804991160000000150e+00
5.718451157000000507e+00
1.140583501500000096e+01
1.150530233000000102e+01
1.153073124299999996e+01
1.152257963500000137e+01
1.166771960900000060e+01
1.151212941700000059e+01
1.143431039300000052e+01
1.160359165400000059e+01
1.142938119000000086e+01
1.152792738100000136e+01
2.274958050400000076e+01
2.311745187500000043e+01
2.304480288100000251e+01
2.286339537300000302e+01
2.278620960900000014e+01
2.286480574900000207e+01
2.291247745300000105e+01
2.278158365400000207e+01
2.286801278600000131e+01
2.300533726500000142e+01
4.573657049700000243e+01
4.616688020000000137e+01
4.569774834000000396e+01
4.600465607299999959e+01
4.570190025700000547e+01
4.678162964300000226e+01
4.751823182600000450e+01
4.595326893600000062e+01
4.864457057300000287e+01
4.640052977999999939e+01
9.562017816899999900e+01
9.531620868900000687e+01
9.194354943300000116e+01
9.418898951399999930e+01
9.377577327200000923e+01
9.136710261600001104e+01
9.453671359500000904e+01
9.300350534900000810e+01
9.327037003600000276e+01
9.223578148200000726e+01
