1.647209200000000068e-02
9.608494000000000410e-03
1.238345000000000071e-02
6.900924000000000121e-03
1.115245899999999998e-02
1.094912000000000142e-02
8.235973000000000599e-03
6.541911000000000080e-03
1.619332700000000042e-02
8.840156000000000056e-03
1.238213800000000087e-02
1.095235200000000027e-02
1.150222099999999997e-02
1.097200300000000101e-02
9.274204000000001169e-03
8.126605999999999760e-03
5.981549000000000067e-03
9.747458000000000511e-03
1.230877800000000112e-02
1.641763000000000250e-02
8.965402000000000787e-03
6.885996000000000131e-03
9.479280000000001385e-03
1.391272000000000168e-02
1.028664200000000035e-02
9.096060000000001297e-03
1.171323400000000119e-02
4.821020999999999987e-03
9.430277000000000798e-03
1.134192400000000149e-02
6.763503000000000570e-03
7.227486000000000847e-03
5.759792000000000557e-03
1.158191700000000060e-02
1.481945200000000032e-02
8.074618999999999894e-03
9.975683000000000814e-03
1.138627800000000141e-02
6.833094000000000494e-03
6.135811000000000563e-03
1.492846800000000029e-02
1.139291000000000088e-02
1.020918800000000098e-02
6.852014000000000021e-03
1.028071699999999998e-02
1.577302499999999955e-02
9.924607000000000220e-03
1.378963000000000064e-02
9.042328999999999992e-03
8.912388999999999728e-03
1.791389800000000102e-02
6.948809000000000236e-03
1.342111600000000030e-02
1.108035500000000007e-02
1.021932800000000148e-02
1.150906600000000009e-02
5.446053000000000179e-03
1.040072800000000144e-02
1.367586600000000006e-02
1.255015600000000155e-02
9.781849999999999920e-03
1.114924500000000034e-02
1.609220600000000126e-02
7.026412000000000109e-03
1.601038899999999987e-02
1.103636200000000095e-02
1.160016300000000014e-02
1.274861800000000149e-02
1.237597600000000034e-02
1.042252800000000035e-02
8.097412000000000012e-03
1.294389100000000077e-02
1.752796900000000088e-02
1.073208600000000006e-02
1.645656600000000233e-02
1.379717100000000043e-02
8.561670000000000391e-03
1.072218500000000040e-02
1.060994200000000068e-02
1.031784000000000000e-02
1.009476300000000139e-02
1.060711300000000135e-02
9.558833000000000954e-03
7.244212000000000741e-03
1.563499299999999981e-02
8.124726999999999991e-03
7.245166000000000800e-03
1.004675699999999991e-02
8.271686000000000316e-03
1.442379700000000035e-02
1.227814300000000004e-02
1.004545700000000069e-02
2.076039200000000251e-02
1.402658400000000166e-02
1.771383300000000174e-02
1.843295099999999950e-02
1.572970000000000271e-02
1.434851200000000077e-02
1.025633000000000100e-02
1.303402800000000132e-02
2.587128300000000186e-02
2.580351000000000172e-02
1.997157600000000130e-02
1.708408900000000022e-02
1.625222700000000103e-02
2.618969300000000000e-02
1.601573800000000158e-02
2.514218200000000250e-02
2.768373900000000234e-02
2.778909300000000082e-02
4.369953500000000463e-02
4.397397600000000489e-02
3.957610900000000514e-02
3.453095700000000101e-02
3.837558100000000583e-02
4.027319199999999932e-02
3.939988500000000254e-02
3.322042700000000376e-02
3.114258900000000177e-02
3.174824000000000396e-02
8.019767099999999815e-02
8.724880100000000083e-02
8.651452100000001089e-02
8.583198699999999848e-02
8.241088200000000474e-02
8.766302600000000500e-02
8.065568800000000316e-02
8.258305300000000349e-02
8.177021700000000615e-02
8.152814900000000808e-02
2.286607230000000102e-01
2.217681070000000199e-01
2.234694890000000211e-01
2.186605220000000238e-01
2.213131230000000005e-01
2.167743250000000177e-01
2.182450540000000216e-01
2.321518400000000260e-01
2.395347980000000210e-01
2.204316650000000266e-01
