7.062264199999999936e-02
7.375709400000000915e-02
6.561365300000000789e-02
3.133749599999999941e-02
3.471859900000000276e-02
3.548669399999999918e-02
7.279549600000000120e-02
3.641516300000000039e-02
3.429206900000000141e-02
7.674654499999999935e-02
3.547918600000000283e-02
3.335453500000000460e-02
3.588027200000000472e-02
3.375501200000000090e-02
6.465998900000000105e-02
3.351113000000000008e-02
6.838155800000000895e-02
6.726477000000000150e-02
3.595596000000000209e-02
7.390922500000000894e-02
6.545080100000000289e-02
7.378782100000000344e-02
4.065469000000000027e-02
1.030497840000000054e-01
3.372931700000000171e-02
4.211088400000000120e-02
4.080552200000000379e-02
4.100979100000000377e-02
3.157892699999999969e-02
6.967409600000000480e-02
3.949623099999999970e-02
3.035225900000000296e-02
6.393765700000000884e-02
8.438647999999999982e-02
3.853470100000000453e-02
3.864735000000000392e-02
3.652699400000000013e-02
7.763558800000000537e-02
3.863596799999999970e-02
3.808256500000000572e-02
3.964877500000000415e-02
1.089094310000000010e-01
3.446579599999999993e-02
7.043634800000000973e-02
6.215965500000000116e-02
7.767406400000000100e-02
3.690485000000000293e-02
3.792003600000000418e-02
3.814998800000000273e-02
7.411295700000000708e-02
6.579811800000000266e-02
3.380683300000000141e-02
3.508760500000000088e-02
7.328115999999999797e-02
3.251056050000000197e-01
3.332798500000000441e-02
3.430724500000000010e-02
3.645981800000000494e-02
3.661230600000000418e-02
3.780263600000000057e-02
3.888455200000000278e-02
3.862390500000000004e-02
7.865691200000000938e-02
3.664049000000000472e-02
6.610255300000000833e-02
3.439992500000000480e-02
7.507189599999999907e-02
7.078205700000000933e-02
7.382770800000000577e-02
3.455108999999999958e-02
6.921451000000000686e-02
3.907708199999999910e-02
8.120430500000000440e-02
6.220312000000000063e-02
4.224295500000000564e-02
4.030423900000000559e-02
4.077161500000000410e-02
4.055673800000000190e-02
1.121056430000000048e-01
4.242339300000000368e-02
7.610295499999999991e-02
6.600191800000000664e-02
3.214575800000000344e-02
4.056879199999999935e-02
7.305186600000000696e-02
3.669584199999999935e-02
4.522223000000000215e-02
3.910913000000000583e-02
3.874282100000000367e-02
3.684289500000000050e-02
7.262179000000000550e-02
3.366810800000000214e-02
3.783710300000000387e-02
6.261213699999999827e-02
7.289188000000000611e-02
3.851332900000000586e-02
7.529402300000000159e-02
3.386047600000000046e-02
7.258116400000000357e-02
4.231049100000000562e-02
8.081616800000000767e-02
3.514069599999999904e-02
6.940692000000001083e-02
3.420817100000000249e-02
1.010635270000000002e-01
3.538229600000000058e-02
7.827517800000000081e-02
7.070523900000000306e-02
7.922489000000000614e-02
3.360117800000000238e-02
4.562729400000000574e-02
3.813731400000000549e-02
8.194173100000000376e-02
4.031222500000000014e-02
3.622339900000000334e-02
4.163483300000000303e-02
3.756375700000000317e-02
4.059763599999999945e-02
3.522098200000000484e-02
3.982054299999999991e-02
4.604808400000000301e-02
5.499659300000000334e-02
8.931470300000000917e-02
7.656748700000000352e-02
5.037131000000000247e-02
8.300570399999999960e-02
4.654551500000000258e-02
1.159350690000000017e-01
4.259348100000000248e-02
4.923832700000000534e-02
7.456044800000000139e-02
5.746429000000000120e-02
7.848834100000000313e-02
4.735797900000000143e-02
4.919634700000000138e-02
8.329615099999999883e-02
1.042505590000000065e-01
5.323585100000000070e-02
7.006006000000000733e-02
9.915622699999999956e-02
