2.695975800000000033e-02
1.309498000000000086e-02
5.302619500000000513e-02
1.650013100000000121e-02
4.899167200000000000e-02
1.946914900000000156e-02
5.330114100000000327e-02
2.157326200000000277e-02
5.110330800000000007e-02
1.416527500000000148e-02
4.893021700000000501e-02
1.632837399999999967e-02
4.896917900000000157e-02
1.946534299999999953e-02
5.171079800000000226e-02
2.060347000000000220e-02
4.912215699999999963e-02
1.539959600000000151e-02
5.457118500000000122e-02
1.654168900000000178e-02
2.084265900000000296e-02
5.052488300000000654e-02
2.279484700000000003e-02
4.969203999999999982e-02
1.641506000000000215e-02
4.827186400000000460e-02
2.066278900000000085e-02
5.070310500000000525e-02
1.529549700000000165e-02
1.885323200000000102e-02
5.389034900000000405e-02
2.092980500000000271e-02
4.953926600000000541e-02
2.288739799999999977e-02
5.080693600000000393e-02
1.667156900000000067e-02
4.857470500000000274e-02
1.971571899999999961e-02
5.391429699999999992e-02
2.282881600000000177e-02
4.857237800000000633e-02
1.536895600000000132e-02
1.892044699999999996e-02
4.979708300000000587e-02
2.211829500000000309e-02
1.550913300000000133e-02
5.759452000000000321e-02
1.759866399999999997e-02
5.107871000000000633e-02
2.107511200000000001e-02
5.213722300000000337e-02
1.346726400000000136e-02
4.914932800000000601e-02
1.551376600000000175e-02
4.754822900000000435e-02
2.033383500000000149e-02
4.985580000000000567e-02
2.330869100000000291e-02
4.891942500000000249e-02
1.587518700000000241e-02
4.923996200000000517e-02
2.324657300000000301e-02
5.337622900000000420e-02
2.326256999999999978e-02
4.931069400000000214e-02
2.549760500000000304e-02
2.555157800000000187e-02
4.811962800000000456e-02
1.681168300000000088e-02
2.010614800000000077e-02
4.810747300000000476e-02
2.233265100000000197e-02
5.023750800000000016e-02
3.345017000000000129e-02
4.717194700000000573e-02
3.014174900000000240e-02
5.019920600000000316e-02
2.809289000000000230e-02
5.062377900000000069e-02
2.949194900000000341e-02
6.156392200000000703e-02
1.811572900000000055e-02
2.042104500000000225e-02
4.761742600000000436e-02
1.945489300000000088e-02
2.042617600000000075e-02
5.199079700000000526e-02
1.919453400000000268e-02
4.871527700000000127e-02
1.815985600000000200e-02
5.329996000000000039e-02
2.223142700000000152e-02
4.901759100000000619e-02
2.320764000000000160e-02
4.690745500000000068e-02
1.519290400000000013e-02
4.888707700000000100e-02
1.953939900000000243e-02
5.335929600000000050e-02
2.068046100000000068e-02
5.836199400000000037e-02
1.588378900000000232e-02
1.894466800000000131e-02
5.190573200000000303e-02
2.133637200000000275e-02
5.205610700000000424e-02
2.086799800000000218e-02
5.397406800000000004e-02
1.898733200000000260e-02
4.991651400000000210e-02
2.860581000000000235e-02
2.183769900000000208e-02
2.600237100000000329e-02
2.183399700000000082e-02
3.028871600000000025e-02
3.281244800000000100e-02
2.796628900000000181e-02
4.983667500000000389e-02
2.702608200000000335e-02
5.425868300000000199e-02
3.570497599999999938e-02
5.783298000000000605e-02
3.090853900000000223e-02
5.292762800000000434e-02
3.596818100000000185e-02
3.108651600000000154e-02
5.489649900000000138e-02
2.884588100000000030e-02
3.074037500000000034e-02
3.053897500000000292e-02
3.283503800000000389e-02
6.347191200000000533e-02
4.244149700000000164e-02
3.985973900000000514e-02
3.353144699999999895e-02
3.645901000000000003e-02
3.534535600000000138e-02
6.090071500000000110e-02
4.649211600000000000e-02
3.654110099999999944e-02
