2.716854900000000017e-02
1.932657700000000103e-02
2.226984100000000202e-02
3.341297700000000342e-02
6.862654099999999924e-02
1.845942199999999964e-02
2.374277400000000121e-02
1.804053800000000179e-02
6.586597500000000716e-02
2.492427800000000110e-02
5.462624700000000277e-02
2.362084200000000300e-02
2.525259900000000057e-02
6.458584900000000073e-02
2.386190800000000112e-02
2.522519800000000076e-02
2.223452600000000098e-02
2.942680100000000243e-02
2.805017400000000063e-02
2.258429699999999971e-02
2.409454600000000141e-02
2.264048600000000133e-02
1.957642000000000063e-02
2.265639500000000278e-02
5.456808200000000386e-02
2.274586200000000211e-02
2.666866400000000165e-02
2.005123600000000006e-02
1.970301900000000217e-02
5.089550600000000008e-02
2.826648300000000197e-02
3.299620200000000225e-02
2.680185300000000048e-02
2.415747200000000275e-02
2.136140499999999998e-02
5.428585000000000355e-02
2.177930299999999986e-02
2.276689800000000069e-02
3.001964200000000263e-02
3.041413100000000050e-02
5.166557300000000630e-02
1.886841800000000138e-02
4.297857199999999961e-02
3.165680300000000419e-02
2.598647900000000330e-02
5.529398400000000435e-02
3.466654000000000263e-02
1.964547700000000147e-02
2.602063600000000324e-02
2.820293700000000084e-02
3.277146599999999910e-02
3.180187500000000028e-02
5.262884000000000312e-02
3.266522700000000501e-02
3.895575200000000321e-02
2.837661900000000223e-02
2.314872800000000036e-02
5.416214900000000665e-02
3.468631300000000334e-02
2.619783900000000054e-02
3.744428900000000560e-02
4.819886599999999993e-02
5.144248100000000518e-02
4.372997700000000321e-02
4.901245700000000233e-02
6.045226500000000502e-02
3.435583899999999913e-02
4.274215700000000284e-02
4.491131900000000510e-02
5.009936200000000145e-02
6.204731400000000618e-02
6.347829800000000244e-02
6.413972200000001012e-02
6.102094600000000646e-02
6.936072000000000071e-02
7.343436100000000355e-02
5.245920300000000286e-02
6.876216200000000167e-02
6.211165500000000173e-02
7.048503300000000249e-02
9.212191200000000024e-02
1.031997690000000106e-01
9.613167599999999924e-02
1.036810770000000104e-01
9.809487400000001245e-02
8.670784500000000561e-02
9.288745500000000765e-02
8.853957900000000714e-02
1.110009690000000049e-01
1.065291930000000081e-01
1.814373640000000176e-01
1.734665940000000017e-01
1.881880710000000123e-01
1.880836650000000110e-01
1.814538390000000057e-01
1.749087140000000207e-01
1.818402030000000058e-01
1.743347290000000216e-01
1.676571030000000018e-01
1.858364279999999980e-01
3.030774070000000209e-01
3.184661250000000443e-01
3.239439190000000246e-01
3.099902630000000436e-01
3.080403640000000109e-01
3.176122869999999931e-01
3.149270310000000239e-01
3.284115670000000153e-01
3.194614230000000221e-01
3.137197130000000111e-01
5.828000819999999971e-01
5.944982550000000865e-01
5.948850880000000618e-01
5.874429200000000906e-01
5.860176350000000367e-01
6.337133970000000671e-01
5.830455070000000184e-01
6.144141950000000518e-01
6.467800089999999891e-01
6.040075510000000314e-01
1.172050969000000054e+00
1.167985661999999980e+00
1.139475423000000154e+00
1.172881478000000088e+00
1.155291051000000069e+00
1.157038664000000106e+00
1.142145513000000001e+00
1.160786372000000011e+00
1.212647398000000099e+00
1.147142364000000025e+00
2.290371910000000177e+00
2.287773888000000255e+00
2.282475990000000010e+00
2.279904424000000152e+00
2.320916222000000140e+00
2.301693594000000065e+00
2.299513974000000349e+00
2.270414077999999947e+00
2.272355033000000191e+00
2.272259088000000204e+00
