1.790982300000000180e-02
5.353676000000000268e-02
1.828988000000000141e-02
6.810612200000000505e-02
1.421421400000000106e-02
1.760474300000000256e-02
6.106352900000000528e-02
1.412277300000000166e-02
6.509695399999999854e-02
2.254203200000000004e-02
1.852411800000000261e-02
6.344411600000000873e-02
2.995539300000000030e-02
5.570626600000000428e-02
1.937160500000000007e-02
6.539234300000000555e-02
2.686433500000000307e-02
2.620578300000000332e-02
5.787883600000000295e-02
2.364780600000000038e-02
5.346939200000000447e-02
2.078234900000000204e-02
5.030761800000000533e-02
1.533523700000000156e-02
4.981627200000000172e-02
2.301471500000000156e-02
4.835576899999999984e-02
2.050271900000000258e-02
4.896500900000000378e-02
2.158862300000000123e-02
3.118107400000000307e-02
4.912017300000000308e-02
2.391900300000000118e-02
2.297722900000000179e-02
4.735635700000000170e-02
2.718589900000000295e-02
4.744978500000000127e-02
2.297291200000000158e-02
4.945707700000000206e-02
2.409597300000000317e-02
2.520404800000000320e-02
5.177100300000000294e-02
2.514433500000000030e-02
5.161928500000000086e-02
1.770078400000000066e-02
5.018776500000000224e-02
2.667211300000000077e-02
5.385695600000000444e-02
2.209389100000000092e-02
5.306720900000000407e-02
2.937909900000000227e-02
3.672028399999999887e-02
4.815641800000000639e-02
2.513792300000000299e-02
5.051996500000000001e-02
4.000594500000000109e-02
4.882714700000000130e-02
2.859050700000000111e-02
7.937085800000000246e-02
3.183781900000000331e-02
5.595259400000000133e-02
3.926795000000000285e-02
5.262574700000000050e-02
5.345592700000000030e-02
3.849988199999999916e-02
5.536392100000000344e-02
3.701962100000000255e-02
5.098481900000000067e-02
4.391141000000000488e-02
5.417450700000000369e-02
5.678635900000000153e-02
6.159847100000000186e-02
5.289794000000000440e-02
5.820279400000000214e-02
9.198259699999999928e-02
5.434625900000000093e-02
7.445678500000001143e-02
1.161464550000000095e-01
5.968591800000000447e-02
8.988694100000001186e-02
1.024760310000000091e-01
1.337710690000000202e-01
1.068536050000000043e-01
9.466772500000000812e-02
9.026722300000000754e-02
9.771498700000000315e-02
1.074490700000000076e-01
1.296219470000000151e-01
1.064467940000000112e-01
1.285866750000000114e-01
2.086075210000000180e-01
1.670015450000000012e-01
2.143057380000000234e-01
1.721983180000000169e-01
1.753644440000000082e-01
1.867218190000000111e-01
1.718297670000000221e-01
1.772517960000000170e-01
1.728587560000000023e-01
1.657323559999999973e-01
3.148184099999999930e-01
3.143355260000000317e-01
3.147242259999999958e-01
3.311069400000000162e-01
3.041311429999999927e-01
3.114670950000000271e-01
3.100341950000000124e-01
2.960785459999999980e-01
2.914154120000000403e-01
3.642911310000000458e-01
6.113592620000000144e-01
6.152822300000000411e-01
6.276317359999999956e-01
6.130795970000000317e-01
6.407188450000000923e-01
6.063814230000000860e-01
5.974271429999999938e-01
6.254954030000000609e-01
6.362193420000000765e-01
6.179660570000000686e-01
1.173935265999999977e+00
1.128329845000000109e+00
1.204156343000000184e+00
1.190468816000000096e+00
1.169479308000000106e+00
1.201135049999999982e+00
1.195725037000000102e+00
1.147205060000000110e+00
1.204091403000000060e+00
1.163758881999999995e+00
2.310922076000000214e+00
2.281234144000000352e+00
2.300301166000000119e+00
2.315183441000000286e+00
2.730812554000000336e+00
2.328488625999999950e+00
2.370894225000000244e+00
2.371241013000000120e+00
2.323704795000000267e+00
2.323108887000000067e+00
